Threshold = 0.5
ssd : 0.6614304240853269
yolov4-tiny : 0.9113323370229851
